10.3954
20.9598
30.1308
42.5056
57.1322
67.7604
77.2512
87.1924
97.8174
111.2248
122.2346
132.3614
144.9196
156.8624
165.8544
178.4962
189.1228
210.514
221.148
235.2062
244.8168
258.658
272.8858
283.3806
297.7886
310.0666
323.309
334.4358
344.7286
359.2206
369.6318
378.6054
389.2472
399.5386
410.6128
419.705
428.6652
439.6214
460.5812
469.5476
490.505
501.4708
514.4268
523.3702
532.3104
541.251
552.1914
573.1338
582.0832
593.0236
601.9654
612.906
623.848
634.7898
643.7318
652.6722
661.6124
672.553
681.4948
690.4352